{
 "cells": [
  {
   "cell_type": "markdown",
   "metadata": {},
   "source": [
    "## Reader of the pickle files\n",
    "The files ending in .pkl have computed a boatload of structural alignments.  the file name specifies the source of the alignement\n",
    "\n",
    "so for example,  mammoth.pcl\n",
    "\n",
    "this contains a hierarchical data structure.\n",
    "the top level is a list.  the order of the list is arbitrary.  so the index does not tell you what the pdb file names is\n",
    "\n",
    "The list is a list of \"Process\" class instances.\n",
    "-    Process.name is the name of the pdb\n",
    "-   Process.XXXX_metric is a set of metrics computed using a specific methodology (XXX) for aligning the proteins\n",
    "-   Process.YYYY_alignment is details on how the proteins were rotated in space to do the alignment YYYY\n",
    "    \n",
    "\n",
    "the Process.XXX_metric contains a class that holds the metrics.  These are\n",
    "-    .aSeq is the fraction sequence identity in the aligned residues\n",
    "-    .oSeq is the fraction of sequence identity in the subset of the alignned residues structurally superimposable by method XXXX\n",
    "-    .aRMS  after applying method XXXX to the protein this is the RMS deviation between the proteins using just the atoms of the seqeunce aligned rtesidues\n",
    "-    .oRMS is like .aRMS except it considers the RMS over the residues strongly aligned by method XXXX\n",
    "-    .TM   the TM score of the proteins when aligned using method XXXX. )\n",
    "-    .aSeq_ident  is the fraction of identical sequence measured over the seqeunce alignment provided.\n",
    "-    .oSeq_ident  is the fraction of identical sequence measured over the subset of the sequence alignment that was also aligned structurally by method XXXX\n",
    "-    .PSI is the fraction relative to smaller protein of the aligned residues\n",
    "-    .cPSI is the fraction but with a more stringent cut off on the structure requiing only atoms <4 angstoms RMSD\n",
    "-    .cRMS is the rmsd of these core atoms \n",
    "-    .cSeq is the fractional sequecne identitiy over the core atoms.\n",
    "\n",
    "Most people will not be interested in the Process.YYYY_alignment info.  it contains internal information to be able to recreate the\n",
    "orientation of the proteins found my method YYYY.  THis can be handy for displaying the proteins later."
   ]
  },
  {
   "cell_type": "markdown",
   "metadata": {},
   "source": [
    "###  the classes here are just named tuples.  this makes their values immutable and also makes for easy conversion of the object to just a tuple.  They can be accessed by either attibute name or by index numberlike an ordered tuple"
   ]
  },
  {
   "cell_type": "code",
   "execution_count": 1,
   "metadata": {},
   "outputs": [],
   "source": [
    "from collections import namedtuple\n",
    "Metrics = namedtuple('Metrics',['TM','PSI','aPSI','oPSI','rPSI','cRMS','aRMS','oRMS','aSeq_ident','oSeq_ident','cSeq_Ident','L_min','L_aligned','L_orientable','L_PSI'])                              \n",
    "MAXSUB_TM= namedtuple('MAXSUB_TM',('score','rotation','alignment','alignedRMS'))\n",
    "Process = namedtuple('Process',('name','tm_alignment','maxsub_alignment','tm_metric','maxsub_metric','strong_metric','weak_metric'))"
   ]
  },
  {
   "cell_type": "markdown",
   "metadata": {},
   "source": [
    "#### Reading in a file\n",
    "It's a pickle so this is easy.  But to reconstruct it you have to define the classes above.\n",
    "\n"
   ]
  },
  {
   "cell_type": "code",
   "execution_count": 2,
   "metadata": {},
   "outputs": [],
   "source": [
    "import pickle\n",
    "tag = 'sam'\n",
    "with open('tm_'+tag+'.pkl','rb') as infile:\n",
    "    h = pickle.load(infile)"
   ]
  },
  {
   "cell_type": "code",
   "execution_count": 3,
   "metadata": {},
   "outputs": [
    {
     "data": {
      "text/plain": [
       "[Process(name='d1a05a_d1dgsa3', tm_alignment=MAXSUB_TM(score=0.5056788624490913, rotation=(array([[-0.76575138, -0.36723258,  0.52798207],\n",
       "        [-0.57095753,  0.76604581, -0.29526482],\n",
       "        [-0.29602759, -0.52755478, -0.79627484]]), array([5660.07394775, 1870.15873304, 1314.08233127]), 1.0, array([ 5.06734328, 26.24789552, 48.0128806 ]), array([35.6658209 ,  6.7881194 , 21.83083582])), alignment=array([ 7,  8,  9, 10, 11, 12, 13,  4,  1,  6,  5, 60,  3, 14, 15, 32, 55,\n",
       "        62, 16, 17, 18, 28, 29, 30, 31, 34, 37, 38, 39, 40, 43, 45, 48, 52,\n",
       "        53, 54, 56, 61, 63, 64, 65, 66, 67, 19, 20, 27, 35, 36, 41, 42, 44,\n",
       "        47, 49, 50, 51, 57, 59, 26, 46, 33, 25,  2, 22, 23, 21, 58,  0]), alignedRMS=3.668536273270631), maxsub_alignment=MAXSUB_TM(score=67, rotation=(array([[-0.76781778, -0.35436766,  0.53374096],\n",
       "        [-0.57116318,  0.75601489, -0.31970943],\n",
       "        [-0.29022143, -0.55033177, -0.78288343]]), array([5770.01053685, 1822.89125872, 1315.69127253]), 1.0, array([ 5.06007463, 26.62697015, 47.777     ]), array([35.57019403,  7.09041791, 21.84201493])), alignment=array([22, 23, 24, 25, 26, 27, 28, 19, 20, 29, 13, 18, 53, 17, 15, 52, 30,\n",
       "        51, 39, 16, 66, 31, 40, 49, 54, 67, 14, 32, 64, 65, 37, 48, 63, 38,\n",
       "        55, 62, 44, 45,  6, 43, 60,  3,  4,  7, 11, 41, 56,  8, 12,  5,  9,\n",
       "        10, 34, 61,  1, 35, 36, 46, 57, 59, 42, 47, 50, 33,  2, 21,  0]), alignedRMS=3.664534565942838), tm_metric=Metrics(TM=0.5056788624490913, PSI=0.6625, aPSI=0.775, oPSI=0.3125, rPSI=0.525, cRMS=2.4131814082775485, aRMS=3.668536273270631, oRMS=3.3182646165439844, aSeq_ident=0.02857142857142857, oSeq_ident=0.029850746268656716, cSeq_Ident=0.018867924528301886, L_min=80, L_aligned=70, L_orientable=67, L_PSI=53), maxsub_metric=Metrics(TM=0.5014354260093937, PSI=0.6625, aPSI=0.775, oPSI=0.0875, rPSI=0.4625, cRMS=2.462079971111665, aRMS=3.664534565942838, oRMS=3.334033485937311, aSeq_ident=0.02857142857142857, oSeq_ident=0.029850746268656716, cSeq_Ident=0.018867924528301886, L_min=80, L_aligned=70, L_orientable=67, L_PSI=53), strong_metric=Metrics(TM=0.5004589781140958, PSI=0.6625, aPSI=0.775, oPSI=0.775, rPSI=0.45, cRMS=2.464318114128793, aRMS=3.637517104102487, oRMS=3.637517104102487, aSeq_ident=0.02857142857142857, oSeq_ident=0.02857142857142857, cSeq_Ident=0.018867924528301886, L_min=80, L_aligned=70, L_orientable=70, L_PSI=53), weak_metric=Metrics(TM=0.5004589781140958, PSI=0.6625, aPSI=0.775, oPSI=0.775, rPSI=0.45, cRMS=2.464318114128793, aRMS=3.637517104102487, oRMS=3.637517104102487, aSeq_ident=0.02857142857142857, oSeq_ident=0.02857142857142857, cSeq_Ident=0.018867924528301886, L_min=80, L_aligned=70, L_orientable=70, L_PSI=53)),\n",
       " Process(name='d1a05a_d1j71a_', tm_alignment=MAXSUB_TM(score=0.5225315944119598, rotation=(array([[ 0.38450949,  0.22061767, -0.89637062],\n",
       "        [ 0.67538932, -0.72917362,  0.11025017],\n",
       "        [-0.62928668, -0.64779138, -0.429377  ]]), array([3851.49196844, 1853.41128149,  843.1862974 ]), 1.0, array([ 4.74209091, 27.30125455, 47.31838182]), array([28.52907273,  5.13781818, 30.96249091])), alignment=array([10, 11, 12, 13, 14, 15, 16,  1,  7,  8,  9,  2,  3,  4,  0,  5,  6,\n",
       "        17, 23, 26, 35, 39, 40, 18, 19, 20, 21, 22, 24, 25, 27, 32, 34, 36,\n",
       "        37, 38, 41, 42, 43, 44, 45, 46, 47, 48, 49, 50, 51, 28, 33, 52, 54,\n",
       "        53, 31, 30, 29]), alignedRMS=2.877976242671718), maxsub_alignment=MAXSUB_TM(score=55, rotation=(array([[ 0.38450949,  0.22061767, -0.89637062],\n",
       "        [ 0.67538932, -0.72917362,  0.11025017],\n",
       "        [-0.62928668, -0.64779138, -0.429377  ]]), array([3851.49196844, 1853.41128149,  843.1862974 ]), 1.0, array([ 4.74209091, 27.30125455, 47.31838182]), array([28.52907273,  5.13781818, 30.96249091])), alignment=array([ 5,  6,  7,  8,  9, 10, 11, 12, 34, 37,  3,  4, 33, 36, 53,  2, 14,\n",
       "        38, 39, 41,  0, 40, 54,  1, 52, 48, 35, 47, 21, 25, 26, 46, 49, 20,\n",
       "        22, 23, 24, 27, 28, 42, 44, 45, 18, 19, 17, 51, 50, 15, 43, 32, 13,\n",
       "        16, 31, 30, 29]), alignedRMS=2.8779762426717173), tm_metric=Metrics(TM=0.5225315944119598, PSI=0.734375, aPSI=0.796875, oPSI=0.515625, rPSI=0.640625, cRMS=2.1957810515221556, aRMS=2.877976242671718, oRMS=2.877976242671718, aSeq_ident=0.09090909090909091, oSeq_ident=0.09090909090909091, cSeq_Ident=0.0851063829787234, L_min=64, L_aligned=55, L_orientable=55, L_PSI=47), maxsub_metric=Metrics(TM=0.5225315944119597, PSI=0.734375, aPSI=0.796875, oPSI=0.15625, rPSI=0.640625, cRMS=2.195781051522156, aRMS=2.8779762426717173, oRMS=2.8779762426717173, aSeq_ident=0.09090909090909091, oSeq_ident=0.09090909090909091, cSeq_Ident=0.0851063829787234, L_min=64, L_aligned=55, L_orientable=55, L_PSI=47), strong_metric=Metrics(TM=0.5225315944119596, PSI=0.734375, aPSI=0.796875, oPSI=0.796875, rPSI=0.640625, cRMS=2.1957810515221574, aRMS=2.8779762426717195, oRMS=2.8779762426717195, aSeq_ident=0.09090909090909091, oSeq_ident=0.09090909090909091, cSeq_Ident=0.0851063829787234, L_min=64, L_aligned=55, L_orientable=55, L_PSI=47), weak_metric=Metrics(TM=0.5225315944119596, PSI=0.734375, aPSI=0.796875, oPSI=0.796875, rPSI=0.640625, cRMS=2.1957810515221574, aRMS=2.8779762426717195, oRMS=2.8779762426717195, aSeq_ident=0.09090909090909091, oSeq_ident=0.09090909090909091, cSeq_Ident=0.0851063829787234, L_min=64, L_aligned=55, L_orientable=55, L_PSI=47)),\n",
       " Process(name='d1a05a_d1rblm_', tm_alignment=MAXSUB_TM(score=0.5143897289013303, rotation=(array([[-0.01325573,  0.90635116, -0.42231725],\n",
       "        [-0.94402244, -0.15057028, -0.29351357],\n",
       "        [-0.32961479,  0.39478622,  0.85761176]]), array([5178.90795267, 2022.20149883, 1487.08972132]), 1.0, array([ 4.76741791, 26.54949254, 47.54334328]), array([118.207     ,  25.25844776, -40.71743284])), alignment=array([27, 28, 29, 30, 31, 32, 33, 40, 44, 36, 35, 10, 11,  7,  8, 13, 37,\n",
       "        39, 48, 12, 14, 15, 26, 41, 45, 54,  4, 25, 34, 38, 42, 46, 47, 55,\n",
       "        57, 58, 61, 66,  1, 16, 23, 43, 49, 50, 53, 56, 60, 62, 63, 64, 65,\n",
       "         5, 51, 52,  9,  6, 24, 17,  3, 19, 22, 18, 20, 21,  0, 59,  2]), alignedRMS=3.0722908938366564), maxsub_alignment=MAXSUB_TM(score=67, rotation=(array([[-0.01325573,  0.90635116, -0.42231725],\n",
       "        [-0.94402244, -0.15057028, -0.29351357],\n",
       "        [-0.32961479,  0.39478622,  0.85761176]]), array([5178.90795267, 2022.20149883, 1487.08972132]), 1.0, array([ 4.76741791, 26.54949254, 47.54334328]), array([118.207     ,  25.25844776, -40.71743284])), alignment=array([26, 27, 28, 29, 30, 31, 32, 34, 37, 33, 41, 35, 38,  8, 10, 11, 13,\n",
       "        15, 45,  7, 12, 14, 16, 23, 25, 36, 44, 46, 54, 55,  4,  5,  9, 39,\n",
       "        40, 42, 49, 50, 51, 52, 53, 56, 57, 58, 60, 61, 62, 63, 64, 65,  1,\n",
       "         6, 43, 47, 66, 24, 17, 19,  3, 22, 18, 20, 48, 21,  0, 59,  2]), alignedRMS=3.072290893836656), tm_metric=Metrics(TM=0.5143897289013303, PSI=0.6707317073170732, aPSI=0.5853658536585366, oPSI=0.24390243902439024, rPSI=0.45121951219512196, cRMS=2.2875295829041042, aRMS=3.0722908938366564, oRMS=3.0722908938366564, aSeq_ident=0.07462686567164178, oSeq_ident=0.07462686567164178, cSeq_Ident=0.09090909090909091, L_min=82, L_aligned=67, L_orientable=67, L_PSI=55), maxsub_metric=Metrics(TM=0.5143897289013301, PSI=0.6707317073170732, aPSI=0.5853658536585366, oPSI=0.1951219512195122, rPSI=0.45121951219512196, cRMS=2.2875295829041056, aRMS=3.072290893836656, oRMS=3.0722908938366564, aSeq_ident=0.07462686567164178, oSeq_ident=0.07462686567164178, cSeq_Ident=0.09090909090909091, L_min=82, L_aligned=67, L_orientable=67, L_PSI=55), strong_metric=Metrics(TM=0.5143897289013301, PSI=0.6707317073170732, aPSI=0.5853658536585366, oPSI=0.5853658536585366, rPSI=0.45121951219512196, cRMS=2.2875295829041047, aRMS=3.0722908938366564, oRMS=3.0722908938366564, aSeq_ident=0.07462686567164178, oSeq_ident=0.07462686567164178, cSeq_Ident=0.09090909090909091, L_min=82, L_aligned=67, L_orientable=67, L_PSI=55), weak_metric=Metrics(TM=0.5143897289013301, PSI=0.6707317073170732, aPSI=0.5853658536585366, oPSI=0.5853658536585366, rPSI=0.45121951219512196, cRMS=2.2875295829041047, aRMS=3.0722908938366564, oRMS=3.0722908938366564, aSeq_ident=0.07462686567164178, oSeq_ident=0.07462686567164178, cSeq_Ident=0.09090909090909091, L_min=82, L_aligned=67, L_orientable=67, L_PSI=55)),\n",
       " Process(name='d1a2za_d1ghha_', tm_alignment=MAXSUB_TM(score=0.5043365492782333, rotation=(array([[-0.02191973, -0.99553905,  0.09176883],\n",
       "        [ 0.9091372 ,  0.01833811,  0.41609286],\n",
       "        [-0.41591956,  0.0925511 ,  0.90467962]]), array([4484.74702534, 2419.62527997, 1054.51943424]), 1.0, array([21.35050794, 85.1577619 , -9.50353968]), array([ 1.44066667, -0.46655556,  0.79242857])), alignment=array([32, 33, 34, 35, 36, 37, 38,  6, 42, 29,  5,  3, 28, 39, 43, 46, 45,\n",
       "         0, 30, 44, 49,  1,  4, 27, 47, 48, 18, 21, 26, 50, 53,  2, 14, 15,\n",
       "        16, 17, 19, 20, 22, 25, 31, 51, 52, 56,  7, 10, 11, 12, 13, 24, 54,\n",
       "        55,  8, 61, 57, 40, 58, 59, 62, 23, 41,  9, 60]), alignedRMS=3.0650641276825046), maxsub_alignment=MAXSUB_TM(score=63, rotation=(array([[-0.02191973, -0.99553905,  0.09176883],\n",
       "        [ 0.9091372 ,  0.01833811,  0.41609286],\n",
       "        [-0.41591956,  0.0925511 ,  0.90467962]]), array([4484.74702534, 2419.62527997, 1054.51943424]), 1.0, array([21.35050794, 85.1577619 , -9.50353968]), array([ 1.44066667, -0.46655556,  0.79242857])), alignment=array([34, 35, 36, 37, 38, 39, 40,  2,  4, 33, 32,  0,  1,  3, 26, 42, 43,\n",
       "        44, 45, 46, 27, 28, 49,  5, 18, 48, 14, 15, 17, 19, 21, 22, 25, 47,\n",
       "        52,  7, 10, 11, 12, 13, 16, 20, 24, 50, 51, 53, 56,  8, 29, 30, 54,\n",
       "        55, 61, 31, 57, 58, 62, 59,  6, 23, 41,  9, 60]), alignedRMS=3.065064127682504), tm_metric=Metrics(TM=0.5043365492782333, PSI=0.6419753086419753, aPSI=0.6172839506172839, oPSI=0.2222222222222222, rPSI=0.49382716049382713, cRMS=2.1963179117183516, aRMS=3.0650641276825046, oRMS=3.0650641276825046, aSeq_ident=0.09523809523809523, oSeq_ident=0.09523809523809523, cSeq_Ident=0.11538461538461539, L_min=81, L_aligned=63, L_orientable=63, L_PSI=52), maxsub_metric=Metrics(TM=0.5043365492782332, PSI=0.6419753086419753, aPSI=0.6172839506172839, oPSI=0.2839506172839506, rPSI=0.49382716049382713, cRMS=2.1963179117183524, aRMS=3.065064127682504, oRMS=3.0650641276825037, aSeq_ident=0.09523809523809523, oSeq_ident=0.09523809523809523, cSeq_Ident=0.11538461538461539, L_min=81, L_aligned=63, L_orientable=63, L_PSI=52), strong_metric=Metrics(TM=0.5043365492782333, PSI=0.6419753086419753, aPSI=0.6172839506172839, oPSI=0.6172839506172839, rPSI=0.49382716049382713, cRMS=2.1963179117183524, aRMS=3.0650641276825046, oRMS=3.0650641276825046, aSeq_ident=0.09523809523809523, oSeq_ident=0.09523809523809523, cSeq_Ident=0.11538461538461539, L_min=81, L_aligned=63, L_orientable=63, L_PSI=52), weak_metric=Metrics(TM=0.5043365492782333, PSI=0.6419753086419753, aPSI=0.6172839506172839, oPSI=0.6172839506172839, rPSI=0.49382716049382713, cRMS=2.1963179117183524, aRMS=3.0650641276825046, oRMS=3.0650641276825046, aSeq_ident=0.09523809523809523, oSeq_ident=0.09523809523809523, cSeq_Ident=0.11538461538461539, L_min=81, L_aligned=63, L_orientable=63, L_PSI=52)),\n",
       " Process(name='d1a2za_d1u9da_', tm_alignment=MAXSUB_TM(score=0.4950294310923322, rotation=(array([[ 0.86484366, -0.15202768,  0.47846946],\n",
       "        [ 0.30172243, -0.60433466, -0.73738945],\n",
       "        [ 0.40125928,  0.78209156, -0.47678484]]), array([5350.54659506, 2775.7031669 , 1970.63529086]), 1.0, array([23.02692208, 87.2712987 , -9.87758442]), array([20.51385714, 11.63450649, 40.24398701])), alignment=array([26, 27, 28, 29, 30, 31, 32,  7, 35,  4,  5,  6, 37,  2, 36, 39,  3,\n",
       "         8, 19, 24, 25, 41, 65, 68, 70,  1, 11, 15, 16, 18, 20, 21, 22, 38,\n",
       "        42, 51, 52, 53, 54, 55, 56, 57, 58, 59, 72,  0, 10, 12, 13, 14, 17,\n",
       "        40, 43, 44, 45, 47, 49, 50, 60, 61, 62, 63, 64, 67, 69, 74, 76, 46,\n",
       "        48, 71, 73, 33, 75, 23, 77,  9, 34]), alignedRMS=3.448206485473805), maxsub_alignment=MAXSUB_TM(score=77, rotation=(array([[ 0.86484366, -0.15202768,  0.47846946],\n",
       "        [ 0.30172243, -0.60433466, -0.73738945],\n",
       "        [ 0.40125928,  0.78209156, -0.47678484]]), array([5350.54659506, 2775.7031669 , 1970.63529086]), 1.0, array([23.02692208, 87.2712987 , -9.87758442]), array([20.51385714, 11.63450649, 40.24398701])), alignment=array([26, 27, 28, 29, 30, 31, 32,  7, 35,  4,  5,  6, 37,  2, 36, 39,  3,\n",
       "         8, 19, 24, 25, 41, 65, 68, 70,  1, 11, 15, 16, 18, 20, 21, 22, 38,\n",
       "        42, 51, 52, 53, 54, 55, 56, 57, 58, 59, 72,  0, 10, 12, 13, 14, 17,\n",
       "        40, 43, 44, 45, 47, 49, 50, 60, 61, 62, 63, 64, 67, 69, 74, 76, 46,\n",
       "        48, 71, 73, 33, 75, 23, 77,  9, 34]), alignedRMS=3.448206485473805), tm_metric=Metrics(TM=0.4950294310923322, PSI=0.5887850467289719, aPSI=0.6822429906542056, oPSI=0.22429906542056074, rPSI=0.4766355140186916, cRMS=2.3025871450893147, aRMS=3.448206485473805, oRMS=3.2779902704323547, aSeq_ident=0.08860759493670886, oSeq_ident=0.07792207792207792, cSeq_Ident=0.09523809523809523, L_min=107, L_aligned=79, L_orientable=77, L_PSI=63), maxsub_metric=Metrics(TM=0.4950294310923322, PSI=0.5887850467289719, aPSI=0.6822429906542056, oPSI=0.22429906542056074, rPSI=0.4766355140186916, cRMS=2.3025871450893147, aRMS=3.448206485473805, oRMS=3.2779902704323547, aSeq_ident=0.08860759493670886, oSeq_ident=0.07792207792207792, cSeq_Ident=0.09523809523809523, L_min=107, L_aligned=79, L_orientable=77, L_PSI=63), strong_metric=Metrics(TM=0.49707705043492195, PSI=0.5981308411214953, aPSI=0.6822429906542056, oPSI=0.6822429906542056, rPSI=0.514018691588785, cRMS=2.3108290710639814, aRMS=3.442087440412039, oRMS=3.442087440412039, aSeq_ident=0.08860759493670886, oSeq_ident=0.08860759493670886, cSeq_Ident=0.09375, L_min=107, L_aligned=79, L_orientable=79, L_PSI=64), weak_metric=Metrics(TM=0.49707705043492195, PSI=0.5981308411214953, aPSI=0.6822429906542056, oPSI=0.6822429906542056, rPSI=0.514018691588785, cRMS=2.3108290710639814, aRMS=3.442087440412039, oRMS=3.442087440412039, aSeq_ident=0.08860759493670886, oSeq_ident=0.08860759493670886, cSeq_Ident=0.09375, L_min=107, L_aligned=79, L_orientable=79, L_PSI=64)),\n",
       " Process(name='d1a7j__d1kafa_', tm_alignment=MAXSUB_TM(score=0.5612303637467086, rotation=(array([[-0.72899237, -0.03656383, -0.68354459],\n",
       "        [-0.61196012, -0.41262272,  0.67472017],\n",
       "        [-0.30671638,  0.91016789,  0.27842321]]), array([2846.87423359, 1775.66979331, 1238.7335202 ]), 1.0, array([12.05964912, 68.69529825, 48.944     ]), array([ 5.44798246, 13.70298246, 16.57959649])), alignment=array([28, 29, 30, 31, 32, 33, 34,  8, 27, 35, 52, 51,  0,  3, 13, 23, 48,\n",
       "        49, 50, 53, 54,  2,  4,  5,  6,  7,  9, 10, 18, 24, 39, 40, 43, 44,\n",
       "        45, 46, 47, 11, 12, 14, 22, 26, 41, 42, 37, 25, 15, 38,  1, 55, 19,\n",
       "        56, 16, 17, 21, 36, 20]), alignedRMS=2.059558819987931), maxsub_alignment=MAXSUB_TM(score=57, rotation=(array([[-0.72899237, -0.03656383, -0.68354459],\n",
       "        [-0.61196012, -0.41262272,  0.67472017],\n",
       "        [-0.30671638,  0.91016789,  0.27842321]]), array([2846.87423359, 1775.66979331, 1238.7335202 ]), 1.0, array([12.05964912, 68.69529825, 48.944     ]), array([ 5.44798246, 13.70298246, 16.57959649])), alignment=array([ 5,  6,  7,  8,  9, 10, 11, 12, 41, 33, 40, 42,  4, 32, 43, 39, 46,\n",
       "         3, 13, 27, 44,  2, 18, 23, 26, 45, 47, 48, 49, 50, 51, 54,  0, 14,\n",
       "        22, 28, 29, 31, 37, 52, 53, 24, 30, 38, 15, 25, 34,  1, 35, 55, 19,\n",
       "        56, 16, 17, 21, 36, 20]), alignedRMS=2.05955881998793), tm_metric=Metrics(TM=0.5612303637467086, PSI=0.7012987012987013, aPSI=0.7012987012987013, oPSI=0.24675324675324675, rPSI=0.6623376623376623, cRMS=1.7920755284692202, aRMS=2.059558819987931, oRMS=2.059558819987931, aSeq_ident=0.10526315789473684, oSeq_ident=0.10526315789473684, cSeq_Ident=0.09259259259259259, L_min=77, L_aligned=57, L_orientable=57, L_PSI=54), maxsub_metric=Metrics(TM=0.5612303637467085, PSI=0.7012987012987013, aPSI=0.7012987012987013, oPSI=0.16883116883116883, rPSI=0.6623376623376623, cRMS=1.7920755284692207, aRMS=2.05955881998793, oRMS=2.05955881998793, aSeq_ident=0.10526315789473684, oSeq_ident=0.10526315789473684, cSeq_Ident=0.09259259259259259, L_min=77, L_aligned=57, L_orientable=57, L_PSI=54), strong_metric=Metrics(TM=0.5612303637467077, PSI=0.7012987012987013, aPSI=0.7012987012987013, oPSI=0.7012987012987013, rPSI=0.6623376623376623, cRMS=1.7920755284692231, aRMS=2.059558819987931, oRMS=2.059558819987931, aSeq_ident=0.10526315789473684, oSeq_ident=0.10526315789473684, cSeq_Ident=0.09259259259259259, L_min=77, L_aligned=57, L_orientable=57, L_PSI=54), weak_metric=Metrics(TM=0.5612303637467077, PSI=0.7012987012987013, aPSI=0.7012987012987013, oPSI=0.7012987012987013, rPSI=0.6623376623376623, cRMS=1.7920755284692231, aRMS=2.059558819987931, oRMS=2.059558819987931, aSeq_ident=0.10526315789473684, oSeq_ident=0.10526315789473684, cSeq_Ident=0.09259259259259259, L_min=77, L_aligned=57, L_orientable=57, L_PSI=54)),\n",
       " Process(name='d1a7j__d2if1__', tm_alignment=MAXSUB_TM(score=0.6007018925435597, rotation=(array([[ 0.59990422, -0.77757115, -0.18840922],\n",
       "        [ 0.6860235 ,  0.62109768, -0.37895835],\n",
       "        [ 0.41168761,  0.09808556,  0.9060312 ]]), array([4034.09479819, 1718.99305187, 1493.57877425]), 1.0, array([10.98230159, 69.24325397, 49.05401587]), array([-1.07611111,  0.1267619 , -1.05765079])), alignment=array([24, 25, 26, 27, 28, 29, 30, 37, 38, 39, 31, 32, 44, 33, 36, 40, 17,\n",
       "        35, 45,  3, 16, 18, 34, 43, 46,  1,  2,  4, 15, 21,  5,  6,  7,  9,\n",
       "        14, 19, 58, 13, 47, 55,  0, 48, 42, 59,  8, 54, 56, 57, 61, 62, 12,\n",
       "        53, 52, 50, 51, 49, 11, 10, 60, 20, 23, 22, 41]), alignedRMS=2.3125086822255647), maxsub_alignment=MAXSUB_TM(score=63, rotation=(array([[ 0.59990422, -0.77757115, -0.18840922],\n",
       "        [ 0.6860235 ,  0.62109768, -0.37895835],\n",
       "        [ 0.41168761,  0.09808556,  0.9060312 ]]), array([4034.09479819, 1718.99305187, 1493.57877425]), 1.0, array([10.98230159, 69.24325397, 49.05401587]), array([-1.07611111,  0.1267619 , -1.05765079])), alignment=array([13, 14, 15, 16, 17, 18, 19,  4,  7,  1,  0,  3,  6,  2,  5, 29, 44,\n",
       "        45, 46, 32, 43, 47,  9, 21, 28, 39, 40, 58, 31, 36, 37, 38, 27, 33,\n",
       "        30, 35, 34, 55, 48, 56, 54, 57,  8, 42, 59, 62, 25, 26, 24, 53, 61,\n",
       "        12, 52, 50, 51, 49, 11, 10, 60, 20, 23, 22, 41]), alignedRMS=2.3125086822255643), tm_metric=Metrics(TM=0.6007018925435597, PSI=0.7662337662337663, aPSI=0.7792207792207793, oPSI=0.2987012987012987, rPSI=0.7142857142857143, cRMS=1.9339586992028839, aRMS=2.3125086822255647, oRMS=2.3125086822255647, aSeq_ident=0.09523809523809523, oSeq_ident=0.09523809523809523, cSeq_Ident=0.1016949152542373, L_min=77, L_aligned=63, L_orientable=63, L_PSI=59), maxsub_metric=Metrics(TM=0.600701892543559, PSI=0.7662337662337663, aPSI=0.7792207792207793, oPSI=0.33766233766233766, rPSI=0.7142857142857143, cRMS=1.9339586992028839, aRMS=2.3125086822255643, oRMS=2.3125086822255647, aSeq_ident=0.09523809523809523, oSeq_ident=0.09523809523809523, cSeq_Ident=0.1016949152542373, L_min=77, L_aligned=63, L_orientable=63, L_PSI=59), strong_metric=Metrics(TM=0.6007018925435593, PSI=0.7662337662337663, aPSI=0.7792207792207793, oPSI=0.7792207792207793, rPSI=0.7142857142857143, cRMS=1.9339586992028834, aRMS=2.3125086822255647, oRMS=2.3125086822255647, aSeq_ident=0.09523809523809523, oSeq_ident=0.09523809523809523, cSeq_Ident=0.1016949152542373, L_min=77, L_aligned=63, L_orientable=63, L_PSI=59), weak_metric=Metrics(TM=0.6007018925435593, PSI=0.7662337662337663, aPSI=0.7792207792207793, oPSI=0.7792207792207793, rPSI=0.7142857142857143, cRMS=1.9339586992028834, aRMS=2.3125086822255647, oRMS=2.3125086822255647, aSeq_ident=0.09523809523809523, oSeq_ident=0.09523809523809523, cSeq_Ident=0.1016949152542373, L_min=77, L_aligned=63, L_orientable=63, L_PSI=59)),\n",
       " Process(name='d1aa7a_d1b68a_', tm_alignment=MAXSUB_TM(score=0.5861796578998422, rotation=(array([[ 0.70370134, -0.09963933,  0.70347454],\n",
       "        [-0.10184409, -0.99403883, -0.0389176 ],\n",
       "        [ 0.70315873, -0.04425836, -0.70965414]]), array([3514.27067343, 1272.78538096, 1101.49379348]), 1.0, array([23.8654898 , 28.70428571, 47.66759184]), array([ 0.15977551, 15.48157143, 23.96287755])), alignment=array([49, 50, 51, 52, 53, 54, 55, 67, 56, 59, 63, 30, 31, 32, 35, 57, 58,\n",
       "        60, 61, 62, 64, 33, 34, 65,  9, 38, 66, 36, 39, 18, 20, 37, 13, 40,\n",
       "        42, 41, 17, 21,  2, 43, 44,  8, 10,  5, 12, 11,  6, 23, 24]), alignedRMS=3.315431286104668), maxsub_alignment=MAXSUB_TM(score=66, rotation=(array([[ 0.71714431, -0.10241802,  0.6893581 ],\n",
       "        [-0.16651166, -0.98567572,  0.02678134],\n",
       "        [ 0.67674065, -0.13399225, -0.72392553]]), array([4620.59287492, 2067.31085025, 1644.7694264 ]), 1.0, array([24.8579697 , 29.64322727, 48.67904545]), array([ 1.18628788, 14.01995455, 24.3459697 ])), alignment=array([39, 40, 41, 42, 43, 44, 45, 24, 23, 38,  2, 35, 36, 31, 32, 33, 34,\n",
       "        37, 30, 56, 57, 58, 59, 60, 61, 62, 63, 64, 65, 66, 67, 21, 49, 54,\n",
       "        55, 20, 53,  5,  9, 10,  6, 18, 50,  8, 17, 51, 52, 13, 11,  7,  4,\n",
       "        12, 22, 26,  3, 25,  1, 27, 14, 19,  0, 28, 16, 29, 46, 47]), alignedRMS=3.1669595797401473), tm_metric=Metrics(TM=0.5861796578998422, PSI=0.6753246753246753, aPSI=0.7142857142857143, oPSI=0.12987012987012986, rPSI=0.5454545454545454, cRMS=1.8083791115980317, aRMS=3.315431286104668, oRMS=1.6390326425428101, aSeq_ident=0.10294117647058823, oSeq_ident=0.08163265306122448, cSeq_Ident=0.09615384615384616, L_min=77, L_aligned=68, L_orientable=49, L_PSI=52), maxsub_metric=Metrics(TM=0.5686579198278845, PSI=0.7272727272727273, aPSI=0.7142857142857143, oPSI=0.4025974025974026, rPSI=0.6363636363636364, cRMS=2.131228924217644, aRMS=3.1669595797401473, oRMS=2.948756372652688, aSeq_ident=0.10294117647058823, oSeq_ident=0.10606060606060606, cSeq_Ident=0.08928571428571429, L_min=77, L_aligned=68, L_orientable=66, L_PSI=56), strong_metric=Metrics(TM=0.5638391158589625, PSI=0.7142857142857143, aPSI=0.7142857142857143, oPSI=0.7142857142857143, rPSI=0.5584415584415584, cRMS=2.107476799689776, aRMS=3.1602627327578707, oRMS=3.1602627327578707, aSeq_ident=0.10294117647058823, oSeq_ident=0.10294117647058823, cSeq_Ident=0.09090909090909091, L_min=77, L_aligned=68, L_orientable=68, L_PSI=55), weak_metric=Metrics(TM=0.5638391158589625, PSI=0.7142857142857143, aPSI=0.7142857142857143, oPSI=0.7142857142857143, rPSI=0.5584415584415584, cRMS=2.107476799689776, aRMS=3.1602627327578707, oRMS=3.1602627327578707, aSeq_ident=0.10294117647058823, oSeq_ident=0.10294117647058823, cSeq_Ident=0.09090909090909091, L_min=77, L_aligned=68, L_orientable=68, L_PSI=55)),\n",
       " Process(name='d1aa7a_d1qkra_', tm_alignment=MAXSUB_TM(score=0.4300422547302325, rotation=(array([[-0.45006291,  0.10395424, -0.88692553],\n",
       "        [ 0.86856057, -0.17979773, -0.4618174 ],\n",
       "        [-0.20747507, -0.97819543, -0.00937026]]), array([3514.82972301, 1285.47796136, 1187.86357523]), 1.0, array([21.36122222, 31.20424074, 42.16253704]), array([19.17659259, -4.17992593,  3.20011111])), alignment=array([35, 36, 37, 38, 39, 40, 41, 42, 43, 45, 46, 44, 47, 48, 49, 50, 51,\n",
       "        52, 53, 54,  2,  3,  1,  4,  5,  6, 14,  7, 25, 55, 10, 13, 20, 24,\n",
       "         8,  9, 11, 12, 15, 23, 19, 26, 27, 18, 30, 21, 22, 29, 28, 31, 32,\n",
       "         0, 17, 33]), alignedRMS=2.886334038177528), maxsub_alignment=MAXSUB_TM(score=55, rotation=(array([[-0.4358912 ,  0.12300543, -0.891554  ],\n",
       "        [ 0.87026772, -0.19491148, -0.45237552],\n",
       "        [-0.22941876, -0.97307717, -0.02208745]]), array([3706.11866045, 1382.86000421, 1188.21093659]), 1.0, array([21.54572727, 30.99245455, 42.29638182]), array([18.86496364, -4.1198    ,  3.0626    ])), alignment=array([33, 34, 35, 36, 37, 38, 39, 40, 41, 30, 42, 31, 32, 43, 44, 14, 24,\n",
       "        25, 26, 27, 28, 29, 45, 46, 47, 48, 51,  2,  3,  6, 10, 13, 15, 18,\n",
       "        19, 20, 21, 22, 23, 49, 50, 52, 53, 54, 55,  1,  4,  5,  7,  8,  9,\n",
       "        11, 12, 17,  0]), alignedRMS=2.867623172197981), tm_metric=Metrics(TM=0.4300422547302325, PSI=0.5268817204301075, aPSI=0.5376344086021505, oPSI=0.21505376344086022, rPSI=0.5053763440860215, cRMS=2.0203675341166485, aRMS=2.886334038177528, oRMS=2.5222445011971772, aSeq_ident=0.05357142857142857, oSeq_ident=0.05555555555555555, cSeq_Ident=0.04081632653061224, L_min=93, L_aligned=56, L_orientable=54, L_PSI=49), maxsub_metric=Metrics(TM=0.42749034262814073, PSI=0.5268817204301075, aPSI=0.5376344086021505, oPSI=0.23655913978494625, rPSI=0.5053763440860215, cRMS=2.0368455087918615, aRMS=2.867623172197981, oRMS=2.724780407980151, aSeq_ident=0.05357142857142857, oSeq_ident=0.05454545454545454, cSeq_Ident=0.04081632653061224, L_min=93, L_aligned=56, L_orientable=55, L_PSI=49), strong_metric=Metrics(TM=0.42433853286766676, PSI=0.5268817204301075, aPSI=0.5376344086021505, oPSI=0.5376344086021505, rPSI=0.5053763440860215, cRMS=2.0637488855074073, aRMS=2.860999651168324, oRMS=2.860999651168324, aSeq_ident=0.05357142857142857, oSeq_ident=0.05357142857142857, cSeq_Ident=0.04081632653061224, L_min=93, L_aligned=56, L_orientable=56, L_PSI=49), weak_metric=Metrics(TM=0.42433853286766676, PSI=0.5268817204301075, aPSI=0.5376344086021505, oPSI=0.5376344086021505, rPSI=0.5053763440860215, cRMS=2.0637488855074073, aRMS=2.860999651168324, oRMS=2.860999651168324, aSeq_ident=0.05357142857142857, oSeq_ident=0.05357142857142857, cSeq_Ident=0.04081632653061224, L_min=93, L_aligned=56, L_orientable=56, L_PSI=49)),\n",
       " Process(name='d1ac5__d1jroa3', tm_alignment=MAXSUB_TM(score=0.45732876387791693, rotation=(array([[ 0.63955141,  0.00546057, -0.76872893],\n",
       "        [ 0.18698312, -0.97104898,  0.14866468],\n",
       "        [-0.74566166, -0.23881804, -0.62205678]]), array([2415.4288238 ,  992.85077756,  749.19517573]), 1.0, array([14.56326316,  9.39542105, 17.78126316]), array([13.91502632, 56.93071053, 12.14576316])), alignment=array([ 1,  2,  3,  4,  5,  6,  7, 11, 19, 18, 17, 20, 15, 28, 29, 30, 27,\n",
       "        45, 54, 21, 36, 38, 43, 48, 22, 23, 32, 37, 40, 51, 16, 26, 42, 44,\n",
       "        31, 52, 33, 41]), alignedRMS=3.493816205058773), maxsub_alignment=MAXSUB_TM(score=57, rotation=(array([[ 0.60801019, -0.09310578, -0.78845096],\n",
       "        [ 0.09434533, -0.97758977,  0.18819456],\n",
       "        [-0.7883036 , -0.18881087, -0.58560045]]), array([3538.15273891, 2436.81750267, 1038.09792024]), 1.0, array([15.11194737, 10.14838596, 17.23596491]), array([14.6534386 , 55.77914035, 12.21978947])), alignment=array([32, 33, 34, 35, 36, 37, 38, 56, 31, 30, 16, 55,  5, 40, 42, 45, 17,\n",
       "        28, 29, 39, 41, 43, 49, 54,  0,  4, 15, 18, 44, 48,  2,  3, 13, 19,\n",
       "        22, 27, 51,  1,  6, 20, 21, 23, 26, 52, 11, 25, 24, 53, 47, 46, 12,\n",
       "         7, 10, 50, 14,  9,  8]), alignedRMS=3.2565195041815302), tm_metric=Metrics(TM=0.45732876387791693, PSI=0.5324675324675324, aPSI=0.5714285714285714, oPSI=0.14285714285714285, rPSI=0.4025974025974026, cRMS=1.936756547048275, aRMS=3.493816205058773, oRMS=1.8438835551847008, aSeq_ident=0.03508771929824561, oSeq_ident=0.02631578947368421, cSeq_Ident=0.024390243902439025, L_min=77, L_aligned=57, L_orientable=38, L_PSI=41), maxsub_metric=Metrics(TM=0.4360699988648504, PSI=0.6103896103896104, aPSI=0.5714285714285714, oPSI=0.16883116883116883, rPSI=0.4675324675324675, cRMS=2.469869457625976, aRMS=3.2565195041815302, oRMS=3.2565195041815302, aSeq_ident=0.03508771929824561, oSeq_ident=0.03508771929824561, cSeq_Ident=0.02127659574468085, L_min=77, L_aligned=57, L_orientable=57, L_PSI=47), strong_metric=Metrics(TM=0.43606999886484993, PSI=0.6103896103896104, aPSI=0.5714285714285714, oPSI=0.5714285714285714, rPSI=0.4675324675324675, cRMS=2.469869457625978, aRMS=3.2565195041815316, oRMS=3.2565195041815316, aSeq_ident=0.03508771929824561, oSeq_ident=0.03508771929824561, cSeq_Ident=0.02127659574468085, L_min=77, L_aligned=57, L_orientable=57, L_PSI=47), weak_metric=Metrics(TM=0.43606999886484993, PSI=0.6103896103896104, aPSI=0.5714285714285714, oPSI=0.5714285714285714, rPSI=0.4675324675324675, cRMS=2.469869457625978, aRMS=3.2565195041815316, oRMS=3.2565195041815316, aSeq_ident=0.03508771929824561, oSeq_ident=0.03508771929824561, cSeq_Ident=0.02127659574468085, L_min=77, L_aligned=57, L_orientable=57, L_PSI=47)),\n",
       " Process(name='d1ac5__d1vk0a_', tm_alignment=MAXSUB_TM(score=0.5669313305633207, rotation=(array([[ 0.41117954,  0.89148247, -0.19023774],\n",
       "        [-0.20217332, -0.11431102, -0.97265561],\n",
       "        [-0.8888517 ,  0.43839708,  0.13323161]]), array([5206.59436985, 2269.75789933,  967.2159301 ]), 1.0, array([16.08667213,  2.34567213, 21.32322951]), array([-40.44057377,  33.65127869,  32.61572131])), alignment=array([20, 21, 22, 23, 24, 25, 26, 17,  9, 18, 19, 13, 14, 16, 60, 15,  8,\n",
       "         7, 39, 59,  6, 38, 44, 58, 41, 42, 43, 57, 37, 40, 45, 56,  5, 46,\n",
       "        47, 55,  0,  4, 12, 32, 48, 54,  1,  2,  3, 33, 34, 36, 49, 50, 51,\n",
       "        53, 11, 35, 31, 30, 29, 52, 10, 28, 27]), alignedRMS=2.8471914660364925), maxsub_alignment=MAXSUB_TM(score=61, rotation=(array([[ 0.41117954,  0.89148247, -0.19023774],\n",
       "        [-0.20217332, -0.11431102, -0.97265561],\n",
       "        [-0.8888517 ,  0.43839708,  0.13323161]]), array([5206.59436985, 2269.75789933,  967.2159301 ]), 1.0, array([16.08667213,  2.34567213, 21.32322951]), array([-40.44057377,  33.65127869,  32.61572131])), alignment=array([20, 21, 22, 23, 24, 25, 26, 17,  9, 18, 19, 13, 14, 16, 60, 15,  8,\n",
       "         7, 39, 59,  6, 38, 44, 58, 41, 42, 43, 57, 37, 40, 45, 56,  5, 46,\n",
       "        47, 55,  0,  4, 12, 32, 48, 54,  1,  2,  3, 33, 34, 36, 49, 50, 51,\n",
       "        53, 11, 35, 31, 30, 29, 52, 10, 28, 27]), alignedRMS=2.8471914660364925), tm_metric=Metrics(TM=0.5669313305633207, PSI=0.7432432432432432, aPSI=0.7972972972972973, oPSI=0.3918918918918919, rPSI=0.7027027027027027, cRMS=2.01476229951494, aRMS=2.8471914660364925, oRMS=2.6434732076269642, aSeq_ident=0.11290322580645161, oSeq_ident=0.11475409836065574, cSeq_Ident=0.10909090909090909, L_min=74, L_aligned=62, L_orientable=61, L_PSI=55), maxsub_metric=Metrics(TM=0.5669313305633207, PSI=0.7432432432432432, aPSI=0.7972972972972973, oPSI=0.3918918918918919, rPSI=0.7027027027027027, cRMS=2.01476229951494, aRMS=2.8471914660364925, oRMS=2.6434732076269642, aSeq_ident=0.11290322580645161, oSeq_ident=0.11475409836065574, cSeq_Ident=0.10909090909090909, L_min=74, L_aligned=62, L_orientable=61, L_PSI=55), strong_metric=Metrics(TM=0.5614903357196355, PSI=0.7432432432432432, aPSI=0.7972972972972973, oPSI=0.7972972972972973, rPSI=0.7027027027027027, cRMS=2.0437061757896653, aRMS=2.837388992734871, oRMS=2.837388992734871, aSeq_ident=0.11290322580645161, oSeq_ident=0.11290322580645161, cSeq_Ident=0.10909090909090909, L_min=74, L_aligned=62, L_orientable=62, L_PSI=55), weak_metric=Metrics(TM=0.5614903357196355, PSI=0.7432432432432432, aPSI=0.7972972972972973, oPSI=0.7972972972972973, rPSI=0.7027027027027027, cRMS=2.0437061757896653, aRMS=2.837388992734871, oRMS=2.837388992734871, aSeq_ident=0.11290322580645161, oSeq_ident=0.11290322580645161, cSeq_Ident=0.10909090909090909, L_min=74, L_aligned=62, L_orientable=62, L_PSI=55)),\n",
       " Process(name='d1adja2d1drw_2', tm_alignment=MAXSUB_TM(score=0.5020451771981965, rotation=(array([[-0.16481259, -0.92273418,  0.3484228 ],\n",
       "        [ 0.9312667 , -0.26195369, -0.25322439],\n",
       "        [ 0.32492944,  0.28273999,  0.90248488]]), array([6716.11817701, 2409.83080343, 1874.76017033]), 1.0, array([19.65046753, 33.16384416, 32.37785714]), array([27.36232468,  9.14355844, 44.81525974])), alignment=array([33, 34, 35, 36, 37, 38, 39, 24, 25, 40, 54, 32, 41, 42, 43, 23, 44,\n",
       "        45,  6, 27, 55, 57, 26, 56, 59, 58,  5, 75,  2,  7,  9, 29, 50, 73,\n",
       "         8, 22, 28, 30, 31, 49, 51, 72, 74, 10, 12, 16, 20, 21, 46, 48, 61,\n",
       "        63, 69, 70, 71, 76, 11, 13, 15, 17, 18, 19, 60, 62, 64, 65, 66, 67,\n",
       "        68, 14, 52, 53, 47,  4,  1,  3,  0]), alignedRMS=3.3786160193387675), maxsub_alignment=MAXSUB_TM(score=77, rotation=(array([[-0.16481259, -0.92273418,  0.3484228 ],\n",
       "        [ 0.9312667 , -0.26195369, -0.25322439],\n",
       "        [ 0.32492944,  0.28273999,  0.90248488]]), array([6716.11817701, 2409.83080343, 1874.76017033]), 1.0, array([19.65046753, 33.16384416, 32.37785714]), array([27.36232468,  9.14355844, 44.81525974])), alignment=array([33, 34, 35, 36, 37, 38, 39, 24, 25, 40, 54, 32, 41, 42, 43, 23, 44,\n",
       "        45,  6, 27, 55, 57, 26, 56, 59, 58,  5, 75,  2,  7,  9, 29, 50, 73,\n",
       "         8, 22, 28, 30, 31, 49, 51, 72, 74, 10, 12, 16, 20, 21, 46, 48, 61,\n",
       "        63, 69, 70, 71, 76, 11, 13, 15, 17, 18, 19, 60, 62, 64, 65, 66, 67,\n",
       "        68, 14, 52, 53, 47,  4,  1,  3,  0]), alignedRMS=3.3786160193387675), tm_metric=Metrics(TM=0.5020451771981965, PSI=0.6421052631578947, aPSI=0.7368421052631579, oPSI=0.18947368421052632, rPSI=0.5157894736842106, cRMS=2.4846400585558706, aRMS=3.3786160193387675, oRMS=3.378616019338767, aSeq_ident=0.05194805194805195, oSeq_ident=0.05194805194805195, cSeq_Ident=0.06557377049180328, L_min=95, L_aligned=77, L_orientable=77, L_PSI=61), maxsub_metric=Metrics(TM=0.5020451771981965, PSI=0.6421052631578947, aPSI=0.7368421052631579, oPSI=0.18947368421052632, rPSI=0.5157894736842106, cRMS=2.4846400585558706, aRMS=3.3786160193387675, oRMS=3.378616019338767, aSeq_ident=0.05194805194805195, oSeq_ident=0.05194805194805195, cSeq_Ident=0.06557377049180328, L_min=95, L_aligned=77, L_orientable=77, L_PSI=61), strong_metric=Metrics(TM=0.5020451771981965, PSI=0.6421052631578947, aPSI=0.7368421052631579, oPSI=0.7368421052631579, rPSI=0.5157894736842106, cRMS=2.4846400585558683, aRMS=3.378616019338768, oRMS=3.378616019338768, aSeq_ident=0.05194805194805195, oSeq_ident=0.05194805194805195, cSeq_Ident=0.06557377049180328, L_min=95, L_aligned=77, L_orientable=77, L_PSI=61), weak_metric=Metrics(TM=0.5020451771981965, PSI=0.6421052631578947, aPSI=0.7368421052631579, oPSI=0.7368421052631579, rPSI=0.5157894736842106, cRMS=2.4846400585558683, aRMS=3.378616019338768, oRMS=3.378616019338768, aSeq_ident=0.05194805194805195, oSeq_ident=0.05194805194805195, cSeq_Ident=0.06557377049180328, L_min=95, L_aligned=77, L_orientable=77, L_PSI=61)),\n",
       " Process(name='d1aora2d1dkza2', tm_alignment=MAXSUB_TM(score=0.47556797734256906, rotation=(array([[-0.40892537, -0.58438246, -0.70091168],\n",
       "        [-0.87059981,  0.01957732,  0.49160217],\n",
       "        [-0.27356171,  0.81124218, -0.51676892]]), array([3542.89082566, 1278.837404  ,  931.86743341]), 1.0, array([56.41106, 12.41022,  7.91812]), array([64.65652, 91.33498, 31.63468])), alignment=array([24, 25, 26, 27, 28, 29, 30, 31, 32, 17, 19, 21,  4,  5, 14, 15, 16,\n",
